0.725865 0.441536 -0.799100 0.009719 
0.445643 -0.595062 -0.250179 0.208894 
0.276722 0.190040 -0.046664 0.763025 
-0.214591 -0.399624 -0.743524 0.735057 
0.204196 -0.515306 0.641723 -0.267668 
0.011293 0.240472 0.452365 0.149054 

-0.471252 0.584530 -0.208878 -0.344829 0.160482 
0.039268 0.686929 0.069851 -0.335692 0.704326 
-0.736927 -0.706546 -0.707233 -0.170609 0.318845 
0.385986 -0.797066 -0.544316 0.332514 -0.195160 
-0.127443 0.405487 -0.276599 -0.739743 0.706677 

-0.428210 -0.181118 -0.093471 0.574518 -0.526563 
-0.726662 -0.647147 -0.746626 -0.150224 -0.199683 
0.180217 0.661625 -0.322602 -0.528113 -0.431437 
-0.429017 -0.452627 -0.327129 -0.325360 0.160116 
0.749951 -0.733778 0.178550 -0.541029 0.356270 
0.768002 0.112665 -0.033648 -0.269000 0.185479 

-0.177941 
0.099907 
-0.994370 
0.701389 
-0.158393 
-0.674160 

